1.564832038788121906e+02 2.430240444420117001e+02 1.474609685308759310e+02 1.451380960482418629e+02
1.625330608512096831e+02 2.491401573560919189e+02 1.543380946370491529e+02 1.391397575083376523e+02
1.522013442159147303e+02 2.573362522077059111e+02 1.483263998556190870e+02 1.425441370556140441e+02
1.502072603758824130e+02 1.440321720910964984e+02 1.467232889142843533e+02 2.665600821504536952e+02
1.273299424152409358e+02 1.405412575113700484e+02 1.431788708588269969e+02 2.861766388873318192e+02
1.484165840762775588e+02 3.059869521444647944e+02 1.436237805599741932e+02 1.443222098376363647e+02
1.516191017191372055e+02 1.428436901111055306e+02 1.460903327505137099e+02 3.174565639076083130e+02
1.557934455324566443e+02 3.386520134699046594e+02 1.364590455924966079e+02 1.412577156587185527e+02
1.621680937657498305e+02 1.734727930971594390e+02 1.518041176069752112e+02 3.510959870963877165e+02
1.605011824222244172e+02 3.728622598318329437e+02 1.533456694661292943e+02 1.501243039805771673e+02
1.708266210233488778e+02 3.855991681239334525e+02 1.525221164726174834e+02 1.576058145451109453e+02
1.381415216180284915e+02 1.531696764066234380e+02 1.599154597722047129e+02 3.984252510730566996e+02
1.647750875702603537e+02 4.208267605262295206e+02 1.603024024837159232e+02 1.753662361158698957e+02
1.589258804000025975e+02 1.802707250918129489e+02 1.623226124709322562e+02 4.426391782361072273e+02
1.758488659638233571e+02 4.652897234195050373e+02 1.815710471720799717e+02 1.789247671972101159e+02
1.912045166274332075e+02 4.790849487610294659e+02 1.860107259630166538e+02 1.709517855647565625e+02
1.808591786056923922e+02 1.861822016354704488e+02 1.729037772589014708e+02 4.923881722854655436e+02
1.604498328394578266e+02 5.161436738397895851e+02 2.154178574816282037e+02 2.241844814246577187e+02
5.411972498906101237e+02 1.445624501591121032e+02 1.874556504983009404e+02 7.111693555131662947e+01
1.748646767074696129e+02 1.483248111055609053e+00 1.180230587369427653e+01 1.785656280626867654e+00
