4.795424560826687888e+00 -2.220954341513423191e+00 6.557450121591608116e+00 -2.269982083785722971e+00
1.976198899797375175e+00 5.008619930428696021e-01 1.338331882831324204e+00 3.385446582339118327e-01
1.845205415112665670e-01 3.400533632688377828e-01 4.868699765042951433e-01 8.895151911197679562e-02
-1.383016929658955896e-01 -1.992140589387247640e-01 8.892288893681538076e-02 3.084795488249875151e-01
-2.329909630633154372e+00 -1.756192988031320068e+00 4.688306360795886363e-01 4.817867399083822777e-01
9.050063829482263289e-01 8.351096113274182331e-01 8.854511462375755371e-02 3.510921387209685052e-01
6.357649389715473998e-01 1.377417560924382389e+00 8.027517395086196661e-01 -1.009442312845816037e-01
2.250489370777610798e+00 3.592161313449418358e+00 8.191483115278249683e-01 6.051938138990515803e-01
3.180434828758096355e+00 1.008674786172701374e+02 1.753141882425001130e+00 5.986720380652893247e+00
8.498239811266238064e+00 5.068706630251926413e+02 1.120656148690995124e+01 6.207881209840168424e+01
4.324918432273015014e+02 5.108033042606099343e+02 4.433887515024546815e+02 4.665505470223593534e+02
4.380796658670683428e+02 4.321862900265008420e+02 4.597975678495185434e+02 5.024587956580486434e+02
4.567578745350396616e+02 5.040219995119842338e+02 4.656556382492616422e+02 4.761128099577362605e+02
4.368680520261924585e+02 4.498123729762435232e+02 4.631476756592184643e+02 5.049393784030887105e+02
4.834403247875709440e+02 5.056592445287708415e+02 4.656881736636018445e+02 4.727713930479622491e+02
4.921011501780111530e+02 4.964122091684171778e+02 4.871124886031402639e+02 4.801974722826259381e+02
4.851465517004064623e+02 4.862443076349339890e+02 4.853938380891294173e+02 4.852807173115394335e+02
4.844132784121864006e+02 4.847353034218655807e+02 4.839260790346424983e+02 4.870593817523710527e+02
4.881890598096510416e+02 5.011582822061636193e+02 4.862813812295641469e+02 4.904764591072297435e+02
4.811521369597513171e+02 4.999999999997125997e+02 4.812057999215760447e+02 4.999999999997125997e+02
