2.123981808405405900e+03 2.149953164323348574e+03 2.116406238141541508e+03 2.129125025058093797e+03
2.124644579725865697e+03 2.159891946643874235e+03 2.115203706148043238e+03 2.162580307805235407e+03
2.137208664328454233e+03 2.184688069956420350e+03 2.128191672522998033e+03 2.164058618349343305e+03
2.151809083566348363e+03 2.185109309112449409e+03 2.150435746866185127e+03 2.197761169182464073e+03
2.153820123049873018e+03 2.197544471990705460e+03 2.162261263000477811e+03 2.220218171865898057e+03
2.194851209254595233e+03 2.243025634797732437e+03 2.185027654314140364e+03 2.221396483391855327e+03
2.207409877383929597e+03 2.244755475486891555e+03 2.205997558466074679e+03 2.256450092220826264e+03
2.230360258700896793e+03 2.279331926517351349e+03 2.223130020763392167e+03 2.258608359831899634e+03
2.253965022639643848e+03 2.293234494086991162e+03 2.243179332693117885e+03 2.272192068679901695e+03
2.266240541007387947e+03 2.307435139159269056e+03 2.258429288743028337e+03 2.285768841543509097e+03
2.280864490387060869e+03 2.321684736081875144e+03 2.269180547309509620e+03 2.300139756412449515e+03
2.276025236908043553e+03 2.314756313052761925e+03 2.286961853670369237e+03 2.335916211991963337e+03
2.299493426217537944e+03 2.346779600838172883e+03 2.301091336291274729e+03 2.359765207898704375e+03
2.313115641427717037e+03 2.361324517956727504e+03 2.322730457515318449e+03 2.383738440649799031e+03
2.353993807389329049e+03 2.407710538218851525e+03 2.347070744210058365e+03 2.385176076087809633e+03
2.377610941433933931e+03 2.422834644212279272e+03 2.372759775782454653e+03 2.402426733743400746e+03
2.386119371818469517e+03 2.438302785949197187e+03 2.386495094722760768e+03 2.425452946102507212e+03
2.396771320459387425e+03 2.463174004538580448e+03 2.400835943223588401e+03 2.450689773070807860e+03
2.488296616893580449e+03 2.451308158738052498e+03 2.422985708866192454e+03 2.402179191332800201e+03
6.696582591773533295e+02 6.061940102071423553e+02 2.449490478368737968e+03 6.545942123717040886e+02
