1.144691450090877360e+01 -1.663186501937785167e+00 8.082295539195957446e+00 -2.275729478074886458e+00
4.037100222330036736e+00 8.025476187852735865e-01 3.048196606077868243e+00 1.342360870560997066e+00
7.718502571060854578e-01 6.912618255243909715e-01 -8.945931297933054638e-02 6.740709597863886460e-01
4.278391281051550643e-01 9.891291670881624531e-03 -1.655606388802911277e-01 -3.528084096742670761e-01
-2.594795919607230772e+00 -2.238122124315157890e+00 2.232727601130806427e-01 2.780217551327751613e-01
1.341890977711074573e+00 3.014767211920607259e+00 6.204432677868751966e-01 1.439274760419885779e-01
7.212805420428182179e-01 7.567814575092080531e+01 1.038035088044105381e+00 5.754542246409712902e+00
8.725615693829398722e+00 4.905563955033801449e+02 6.296819208952012303e+00 4.228709184313274960e+01
3.169118236859145554e+02 5.445131023510688237e+02 2.891121486744694380e+02 3.792972172356073202e+02
3.963524489226156788e+02 5.366736216776444053e+02 3.941445672427282148e+02 3.766485336422612136e+02
3.691443117494426929e+02 5.283140645305758198e+02 3.579322457597947960e+02 4.039875656688826098e+02
4.012865623687263223e+02 5.195191323735396054e+02 3.700264093599585067e+02 3.897237698257268335e+02
3.680602620304964034e+02 3.657156774150729461e+02 3.672185948936539148e+02 5.201664777032910933e+02
3.529056127652234522e+02 3.646247725055837350e+02 3.953282117665646069e+02 5.203583226952749783e+02
3.872514177053524804e+02 5.211350874164202196e+02 3.863880016007620384e+02 3.672257864442719892e+02
3.954788524793258944e+02 5.129569818049701553e+02 3.868778961496694819e+02 3.758641918373043609e+02
3.884677150348830423e+02 3.967227915921928911e+02 3.769797475721547357e+02 5.040806964878457848e+02
4.058939169676570486e+02 5.047388127552017068e+02 3.549067494821052264e+02 3.976898271432293086e+02
4.687689827928136310e+02 5.049793128265609994e+02 4.613262081282071563e+02 4.664417814311773895e+02
4.950665222422929332e+02 4.999754858179350663e+02 4.950580724087940325e+02 4.999608485990920030e+02
